50 50 7 37 7 175
14 28 26 33 81 116
14 4 16 5 25 53
30 39 31 37 20 44
47 8 45 7 44 63
36 41 34 39 50 73
30 3 28 4 32 50
48 17 49 5 33 68
0 11 0 13 55 66
33 48 37 46 30 50
35 22 19 25 85 111
17 18 11 10 16 37
17 48 19 49 69 79
41 36 40 35 62 84
40 18 49 21 19 55
30 45 19 40 66 112
22 34 21 35 84 97
8 16 9 15 39 58
9 26 25 27 83 107
36 38 38 39 28 43
14 33 22 33 32 50
14 46 16 49 35 50
25 46 15 47 9 33
40 36 39 38 1 27
17 35 16 33 34 50
2 10 4 9 54 86
30 23 32 24 73 87
8 41 1 49 83 114
9 48 23 43 6 38
15 28 4 17 14 42
47 12 49 0 20 59
49 41 35 35 4 30
41 4 42 6 37 49
36 45 29 49 27 68
33 10 31 1 79 117
26 47 28 48 12 23
7 17 0 4 34 72
18 45 26 49 71 97
