50 50 7 44 12 180
35 37 25 49 20 49
36 42 23 28 3 55
40 10 39 9 52 74
47 43 45 42 59 69
27 23 28 17 88 105
14 38 12 31 61 100
0 24 1 25 36 64
49 6 47 7 48 60
38 38 39 36 11 44
45 31 47 35 17 52
23 14 38 11 23 56
0 2 6 17 87 116
5 11 6 9 3 33
33 6 29 4 46 71
26 35 25 34 82 102
44 38 39 49 8 53
34 40 38 36 66 91
2 5 11 0 24 65
12 44 16 49 76 92
13 27 14 26 49 68
19 7 25 10 54 87
32 35 39 34 40 61
44 18 43 19 0 17
8 13 19 16 55 88
29 13 31 15 32 44
1 40 0 38 30 53
42 20 43 19 62 80
3 27 6 16 32 52
3 27 0 25 28 39
31 5 37 1 25 63
29 38 28 39 33 58
2 47 0 49 38 59
36 0 49 0 16 50
10 31 21 16 83 131
7 21 16 35 89 136
2 42 15 35 67 113
14 41 26 49 48 73
37 41 36 39 89 109
32 43 29 49 42 73
1 25 3 24 51 71
49 33 44 36 27 47
19 34 20 33 46 67
0 36 0 39 32 44
34 43 36 45 27 61
