50 50 7 33 6 131
12 10 10 9 36 67
49 0 40 0 21 50
47 28 49 26 32 60
10 43 13 31 46 87
2 13 0 16 12 29
42 38 44 39 34 59
47 17 45 19 19 48
9 20 1 34 64 99
32 48 31 37 17 42
20 41 18 49 26 66
19 25 26 29 32 72
11 47 22 49 31 60
2 3 3 5 57 90
48 5 49 15 48 81
31 36 40 34 36 61
23 18 11 3 33 82
0 44 9 49 37 64
28 24 29 25 1 20
1 30 0 24 29 45
33 41 32 43 17 30
3 7 1 6 3 28
44 31 49 34 13 31
7 9 5 11 39 56
43 41 45 43 52 82
47 9 43 2 23 43
28 21 26 13 31 49
19 47 18 48 59 68
12 13 26 18 58 104
9 2 8 1 28 35
14 17 13 22 33 51
18 30 3 29 44 85
38 36 36 43 29 68
32 25 21 31 56 92
